0.69630
0.69274
0.69587
0.69352
0.69198
0.69107
0.69276
0.69177
0.69307
0.68919
0.68792
0.69319
0.68473
0.68416
0.68240
0.68072
0.68599
0.67514
0.68522
0.66968
0.65987
0.66771
0.65737
0.66182
0.62225
0.63844
0.65146
0.67291
0.65403
0.64939
0.59939
0.60317
0.62448
0.61586
0.63654
0.63176
0.60496
0.60041
0.58515
0.58752
0.61908
0.55551
0.63115
0.57951
0.64367
0.56652
0.60632
0.64105
0.55945
0.56613
0.59177
0.56977
0.55580
0.57421
0.51107
0.59975
0.55848
0.50901
0.58968
0.55038
0.58753
0.59660
0.56637
0.54919
0.52657
0.58191
0.55570
0.56187
0.56254
0.55833
0.60191
0.53672
0.66590
0.53044
0.62476
0.54082
0.50880
0.49831
0.55071
0.54560
0.54372
0.52675
0.61865
0.50568
0.55587
0.51134
0.47123
0.49649
0.53170
0.56865
0.47204
0.52692
0.52631
0.56620
0.66974
0.69651
0.68619
0.68188
0.67192
0.66896
0.65482
0.66038
0.65957
0.66698
0.66014
0.63863
0.63192
0.61782
0.63579
0.58090
0.58971
