1.390
1.813
1.913
2.016
2.057
2.036
2.141
2.115
2.112
2.131
2.232
2.203
2.231
2.185
2.202
2.152
2.155
2.133
2.158
2.116
2.124
2.137
2.113
2.083
2.079
2.101
1.995
1.949
1.935
1.899
1.852
1.840
1.762
1.727
1.668
1.606
1.569
1.433
1.345
1.243
1.138
1.074
0.987
0.902
0.814
0.750
0.736
0.658
0.609
0.583
0.547
0.513
0.471
0.478
0.462
0.461
0.431
0.413
0.417
0.394
0.406
0.387
0.385
0.377
0.365
0.371
0.358
0.375
0.353
0.356
0.350
0.359
0.352
0.350
0.334
0.350
0.344
0.337
0.340
0.357
0.338
0.335
0.343
0.338
0.327
0.341
0.338
0.344
0.345
0.335
0.320
0.350
0.346
0.345
0.345
0.332
0.328
0.335
0.330
0.346
