15.237
15.142
14.989
14.549
13.679
13.439
13.435
13.456
13.406
13.409
13.394
13.392
13.398
13.395
13.394
13.386
13.397
13.406
13.387
13.387
13.394
13.415
13.387
13.392
13.359
13.466
13.387
13.391
13.402
13.395
13.393
13.386
13.381
13.387
13.383
13.397
13.377
13.398
13.413
13.387
13.281
13.489
13.412
13.386
13.386
13.384
13.383
13.382
13.389
13.391
13.388
13.383
13.390
13.384
13.385
13.371
13.400
13.395
13.386
13.384
13.394
13.378
13.388
13.371
13.392
13.395
13.398
13.383
13.388
13.389
13.376
13.394
13.383
13.383
13.385
13.375
13.380
13.368
13.382
13.410
13.400
13.380
13.380
13.376
13.401
13.392
13.380
13.398
13.360
13.418
13.393
13.403
13.394
13.390
13.391
13.395
13.398
13.394
13.391
13.389
11.515
11.514
11.513
11.511
11.511
11.510
11.508
11.511
11.511
11.511
11.508
11.511
11.508
11.512
11.516
11.510
11.512
11.510
11.512
11.509
11.511
11.509
11.511
11.510
11.512
11.511
11.511
11.512
11.510
11.512
11.510
11.512
11.514
11.504
11.524
11.519
11.505
11.510
11.517
11.507
11.517
11.518
11.503
11.526
11.509
11.508
11.497
11.527
11.517
11.512
11.505
11.498
11.537
11.499
11.538
11.511
11.512
11.511
11.510
11.508
11.514
11.511
11.513
11.510
11.508
11.512
11.510
11.509
11.510
11.511
11.513
11.512
11.510
11.511
11.512
11.509
11.510
11.509
11.512
11.512
11.506
11.512
11.509
11.509
11.508
11.508
11.519
11.508
11.506
11.520
11.512
11.510
11.509
11.507
11.515
11.515
11.515
11.511
11.511
11.513
