0.69224
0.69585
0.69415
0.69211
0.69105
0.68781
0.69466
0.68783
0.68561
0.69087
0.68557
0.68184
0.68426
0.67912
0.67806
0.67418
0.68434
0.67804
0.66776
0.64023
0.67937
0.66560
0.67579
0.67559
0.66112
0.64904
0.64771
0.66921
0.66972
0.62680
0.63694
0.63155
0.64340
0.66783
0.64752
0.63459
0.62504
0.62448
0.63018
0.64268
0.58523
0.62687
0.63534
0.65353
0.64313
0.59643
0.56422
0.60051
0.60073
0.60482
0.58687
0.55402
0.55567
0.65294
0.57976
0.52491
0.51164
0.57432
0.59608
0.59012
0.57917
0.56264
0.59787
0.56464
0.56209
0.57017
0.53702
0.52098
0.53472
0.55415
0.56824
0.64550
0.54902
0.61749
0.63309
0.52025
0.52421
0.48164
0.71481
0.70299
0.68072
0.69717
0.67252
0.66383
0.64954
0.65761
0.63307
0.62950
0.63169
0.60801
0.56954
0.58406
0.61767
0.67551
0.63189
0.60275
0.56949
0.59701
0.59276
0.51907
0.51146
0.50332
0.58298
0.58041
0.58097
0.53065
0.55751
0.56219
0.61691
0.58959
0.56021
