0.69620
0.69229
0.69435
0.69221
0.67456
0.66489
0.69074
0.69212
0.69423
0.69218
0.67461
0.69205
0.68569
0.68344
0.68364
0.68228
0.67994
0.68628
0.66022
0.67501
0.68489
0.66756
0.64015
0.64421
0.63545
0.64079
0.65017
0.60693
0.65277
0.65664
0.62927
0.59057
0.57451
0.64907
0.66351
0.57855
0.60517
0.60491
0.55858
0.58453
0.59427
0.59780
0.58865
0.58585
0.60398
0.63436
0.51970
0.59096
0.57029
0.59873
0.60207
0.56904
0.57604
0.54703
0.53374
0.59123
0.63281
0.53193
0.50084
0.55125
0.55989
0.55598
0.52206
0.57449
0.53276
0.55770
0.60698
0.49769
0.61430
0.52966
0.53174
0.55184
0.61821
0.61187
0.51854
0.62054
0.54034
0.57276
0.56531
0.56399
0.50144
0.55651
0.57189
0.50350
0.49361
0.49182
0.53319
0.55229
0.56431
0.57546
0.58611
0.49367
0.56222
0.53333
0.56793
0.49202
0.57945
0.43326
0.55384
0.55630
0.53148
0.56997
0.51115
0.51855
0.54252
0.58932
0.55933
0.49306
0.57380
0.60306
0.58210
0.57428
0.54521
0.55459
0.57938
0.54292
0.53343
0.52983
0.47618
0.50295
0.51766
0.53662
0.48433
0.51367
0.53264
0.55961
0.58651
0.58415
0.54000
0.54365
0.53970
0.49478
0.52290
0.52244
0.50892
0.48938
0.51668
0.52255
0.51870
0.48510
0.54372
0.57390
0.54872
0.45814
0.48564
0.54930
0.47421
0.50111
0.52840
0.48619
0.57369
0.53491
0.48236
0.54077
0.53159
0.57942
0.67636
0.64174
0.66142
0.65034
0.62396
0.64257
0.66594
0.66235
0.63775
0.63870
0.62734
0.61309
0.64654
0.60276
0.59120
0.63946
0.59232
0.66141
0.59439
0.58592
0.57628
0.58751
0.57665
0.62185
0.59748
0.57624
0.64038
0.58149
0.54832
