13.392
13.387
13.385
13.378
13.373
13.368
13.365
13.360
13.353
13.350
13.346
13.343
13.335
13.331
13.328
13.322
13.316
13.307
13.305
13.298
13.291
13.287
13.277
13.273
13.265
13.257
13.249
13.245
13.232
13.223
13.212
13.199
13.191
13.179
13.169
13.152
13.138
13.123
13.104
13.088
13.066
13.049
13.023
12.999
12.971
12.943
12.907
12.874
12.831
12.790
12.740
12.689
12.631
12.566
12.499
12.427
12.356
12.277
12.202
12.131
12.058
11.990
11.931
11.873
11.824
11.780
11.744
11.711
11.686
11.661
11.645
11.626
11.616
11.605
11.597
11.590
11.584
11.578
11.573
11.569
11.567
11.562
11.559
11.555
11.552
11.549
11.549
11.545
11.546
11.546
11.542
11.542
11.541
11.538
11.536
11.536
11.535
11.535
11.536
11.534
11.531
11.531
11.529
11.533
11.531
11.528
11.529
11.530
11.530
11.530
11.529
11.528
11.527
11.527
11.527
11.526
11.524
11.523
11.525
11.524
11.524
11.525
11.524
11.525
11.525
11.523
11.525
11.525
11.520
11.521
11.522
11.521
11.524
