12.633
12.167
11.815
11.648
11.717
11.539
11.538
11.537
11.551
11.543
11.530
11.554
11.547
11.542
11.519
11.503
11.988
11.742
11.514
11.605
11.589
11.543
11.654
11.736
11.614
11.555
11.603
11.544
11.522
11.567
11.523
11.495
11.666
11.522
11.727
11.537
11.617
11.616
11.539
11.476
11.600
11.530
11.553
11.675
11.522
11.800
11.542
11.572
11.533
11.522
11.532
11.536
11.512
11.549
11.521
11.540
11.519
11.506
11.528
11.539
11.522
11.537
11.506
11.528
11.508
11.457
11.682
11.320
11.352
12.013
11.497
11.619
11.637
11.577
11.587
11.447
11.642
