13.360
13.271
13.090
12.460
11.664
11.549
11.542
11.536
11.541
11.528
11.522
11.523
11.523
11.517
11.542
11.526
11.529
11.515
11.552
11.524
11.548
11.525
11.516
11.504
11.525
11.532
11.555
11.503
11.527
11.546
11.523
11.514
11.521
11.518
11.511
11.516
11.512
11.517
11.514
11.516
11.511
11.513
11.516
11.513
11.510
11.510
11.523
11.512
11.522
11.514
11.516
11.509
11.512
11.512
11.513
11.513
11.512
11.511
11.506
11.509
11.519
11.515
11.516
11.518
11.511
11.513
11.513
11.513
11.515
11.507
11.513
11.513
11.514
11.514
11.512
11.508
11.511
11.511
11.514
11.510
11.514
11.511
11.508
11.510
11.513
11.510
11.512
11.509
11.510
11.514
11.511
11.512
11.501
11.527
11.497
11.530
11.527
11.520
11.514
11.502
